0 0 0 0 0 0 0 0 0 0 0 0 0 0 0 0 0 0 0 0 0 0 0 0 0 0 0 0 
0 0 0 0 0 0 0 0 0 0 0 0 0 0 0 1 0 0 0 0 0 0 0 0 0 0 0 0 
0 0 0 0 0 0 0 0 0 0 1 3 4 3 0 0 2 0 0 0 0 0 0 0 0 0 0 0 
0 0 0 0 0 0 0 0 2 3 0 0 0 0 0 2 0 0 0 0 0 0 0 0 0 0 0 0 
0 0 0 0 0 0 0 3 0 0 18 80 129 181 209 223 128 0 3 0 0 0 0 0 0 0 0 0 
0 0 0 0 0 0 3 0 30 140 234 255 255 255 255 249 151 0 3 0 0 0 0 0 0 0 0 0 
0 0 0 0 0 3 0 88 236 255 251 170 105 56 30 19 0 0 0 0 0 0 0 0 0 0 0 0 
0 0 0 0 3 0 89 255 255 156 37 0 0 0 0 0 0 0 0 0 0 0 0 0 0 0 0 0 
0 0 0 1 1 21 235 255 98 0 0 3 4 3 2 1 0 0 0 0 0 0 0 0 0 0 0 0 
0 0 0 4 0 120 255 162 0 6 3 3 4 4 3 2 1 0 0 0 0 0 0 0 0 0 0 0 
0 0 0 2 0 191 254 58 5 6 0 0 0 0 0 0 0 2 0 0 0 0 0 0 0 0 0 0 
0 0 0 0 0 215 254 26 0 0 18 66 99 104 77 41 0 0 3 0 0 0 0 0 0 0 0 0 
0 0 0 0 0 215 254 25 63 164 238 255 255 255 255 255 203 65 0 3 0 0 0 0 0 0 0 0 
0 0 0 3 0 174 254 210 255 255 245 180 130 124 159 217 255 255 93 0 3 0 0 0 0 0 0 0 
0 0 0 3 0 77 255 255 215 111 25 0 0 0 0 5 113 245 248 41 0 2 0 0 0 0 0 0 
0 0 0 1 1 6 212 252 92 0 0 2 4 4 5 4 0 177 255 104 0 4 0 0 0 0 0 0 
0 0 0 0 3 0 71 255 227 38 0 3 3 3 0 0 100 249 243 39 1 2 0 0 0 0 0 0 
0 0 0 0 0 3 0 145 255 218 59 0 0 0 28 137 255 255 82 0 3 0 0 0 0 0 0 0 
0 0 0 0 0 1 3 2 163 255 255 203 162 180 244 255 242 83 0 3 0 0 0 0 0 0 0 0 
0 0 0 0 0 0 1 1 0 119 220 255 255 255 244 154 39 0 3 0 0 0 0 0 0 0 0 0 
0 0 0 0 0 0 0 1 1 0 6 46 72 58 24 0 0 3 0 0 0 0 0 0 0 0 0 0 
0 0 0 0 0 0 0 0 0 3 0 0 0 0 0 3 2 0 0 0 0 0 0 0 0 0 0 0 
0 0 0 0 0 0 0 0 0 0 1 2 3 3 1 0 0 0 0 0 0 0 0 0 0 0 0 0 
0 0 0 0 0 0 0 0 0 0 0 0 0 0 0 0 0 0 0 0 0 0 0 0 0 0 0 0 
0 0 0 0 0 0 0 0 0 0 0 0 0 0 0 0 0 0 0 0 0 0 0 0 0 0 0 0 
0 0 0 0 0 0 0 0 0 0 0 0 0 0 0 0 0 0 0 0 0 0 0 0 0 0 0 0 
0 0 0 0 0 0 0 0 0 0 0 0 0 0 0 0 0 0 0 0 0 0 0 0 0 0 0 0 
0 0 0 0 0 0 0 0 0 0 0 0 0 0 0 0 0 0 0 0 0 0 0 0 0 0 0 0 
6
0 0 0 0 0 0 0 0 0 0 0 0 0 0 0 0 0 0 0 0 0 0 0 0 0 0 0 0 
0 0 0 0 0 0 0 1 1 1 0 0 0 0 0 0 0 0 0 0 0 0 0 0 0 0 0 0 
0 0 0 0 0 0 0 0 0 0 0 0 0 0 0 0 0 0 0 0 0 0 0 0 0 0 0 0 
0 0 0 0 0 2 0 39 202 79 0 3 0 0 0 0 0 0 0 0 0 0 0 0 0 0 0 0 
0 0 0 0 0 4 0 88 255 156 0 4 0 0 0 0 0 0 0 0 0 0 0 0 0 0 0 0 
0 0 0 0 0 3 0 64 252 167 0 3 0 0 0 0 0 0 0 0 0 0 0 0 0 0 0 0 
0 0 0 0 0 3 0 55 255 177 0 3 0 0 0 0 0 0 0 0 0 0 0 0 0 0 0 0 
0 0 0 0 0 3 0 52 255 182 0 3 0 0 0 0 0 0 0 0 0 0 0 0 0 0 0 0 
0 0 0 0 0 2 0 43 255 191 0 2 0 0 0 0 0 0 0 0 0 0 0 0 0 0 0 0 
0 0 0 0 0 2 0 43 255 189 0 2 0 0 0 0 0 0 0 0 0 0 0 0 0 0 0 0 
0 0 0 0 0 2 0 42 255 195 0 1 0 0 0 0 0 0 0 0 0 0 0 0 0 0 0 0 
0 0 0 0 0 2 0 28 253 218 1 0 1 0 0 0 0 0 0 0 0 0 0 0 0 0 0 0 
0 0 0 0 0 1 0 14 242 237 11 0 1 0 0 0 0 0 0 0 0 0 0 0 0 0 0 0 
0 0 0 0 0 0 0 2 217 255 31 0 2 0 0 0 0 0 0 0 0 0 0 0 0 0 0 0 
0 0 0 0 0 0 2 0 187 255 57 0 3 0 0 0 0 0 0 0 0 0 0 0 0 0 0 0 
0 0 0 0 0 0 4 0 160 255 75 0 3 0 0 0 0 0 0 0 0 0 0 0 0 0 0 0 
0 0 0 0 0 0 4 0 134 255 103 0 4 0 0 0 0 0 0 0 0 0 0 0 0 0 0 0 
0 0 0 0 0 0 4 0 112 255 121 0 4 0 0 0 0 0 0 0 0 0 0 0 0 0 0 0 
0 0 0 0 0 0 4 0 83 255 159 0 4 0 0 0 0 0 0 0 0 0 0 0 0 0 0 0 
0 0 0 0 0 0 3 0 59 253 167 0 3 0 0 0 0 0 0 0 0 0 0 0 0 0 0 0 
0 0 0 0 0 0 3 0 60 255 191 0 2 0 0 0 0 0 0 0 0 0 0 0 0 0 0 0 
0 0 0 0 0 0 1 0 25 226 157 0 2 0 0 0 0 0 0 0 0 0 0 0 0 0 0 0 
0 0 0 0 0 0 0 0 0 11 0 0 0 0 0 0 0 0 0 0 0 0 0 0 0 0 0 0 
0 0 0 0 0 0 0 0 1 0 0 0 0 0 0 0 0 0 0 0 0 0 0 0 0 0 0 0 
0 0 0 0 0 0 0 0 0 1 0 0 0 0 0 0 0 0 0 0 0 0 0 0 0 0 0 0 
0 0 0 0 0 0 0 0 0 0 0 0 0 0 0 0 0 0 0 0 0 0 0 0 0 0 0 0 
0 0 0 0 0 0 0 0 0 0 0 0 0 0 0 0 0 0 0 0 0 0 0 0 0 0 0 0 
0 0 0 0 0 0 0 0 0 0 0 0 0 0 0 0 0 0 0 0 0 0 0 0 0 0 0 0 
1
0 0 0 0 0 0 0 0 0 0 0 0 0 0 0 0 0 0 0 0 0 0 0 0 0 0 0 0 
0 0 0 0 0 0 0 0 0 3 3 4 4 4 4 4 4 4 4 4 1 0 0 0 0 0 0 0 
0 0 0 0 0 0 0 0 0 0 0 0 0 0 0 0 0 0 0 0 0 0 0 0 0 0 0 0 
0 0 0 0 0 0 0 1 6 144 179 152 148 148 148 148 148 147 149 138 24 0 1 0 0 0 0 0 
0 0 0 0 0 0 1 1 14 238 255 255 255 255 255 255 255 255 255 255 132 0 4 0 0 0 0 0 
0 0 0 0 0 0 0 1 0 22 60 78 78 78 78 78 81 78 149 251 129 0 4 0 0 0 0 0 
0 0 0 0 0 0 0 0 0 0 0 0 0 0 0 0 0 0 129 255 99 0 4 0 0 0 0 0 
0 0 0 0 0 0 0 0 0 1 3 4 4 4 4 4 5 3 193 255 56 0 3 0 0 0 0 0 
0 0 0 0 0 0 0 0 0 0 0 0 0 0 0 1 0 12 240 241 14 0 1 0 0 0 0 0 
0 0 0 0 0 0 0 0 0 0 0 0 0 0 0 2 0 55 255 193 0 2 0 0 0 0 0 0 
0 0 0 0 0 0 0 0 0 0 0 0 0 0 0 5 4 99 255 145 4 4 0 0 0 0 0 0 
0 0 0 0 0 0 0 0 0 0 0 0 0 0 0 0 0 115 255 94 0 4 0 0 0 0 0 0 
0 0 0 0 0 0 0 0 0 0 0 0 0 1 0 37 112 194 253 176 95 4 1 0 0 0 0 0 
0 0 0 0 0 0 0 0 0 0 0 0 0 3 0 185 255 255 253 255 255 16 0 1 0 0 0 0 
0 0 0 0 0 0 0 0 0 0 0 0 0 2 0 55 119 225 254 115 57 1 1 0 0 0 0 0 
0 0 0 0 0 0 0 0 0 0 0 0 0 0 1 0 0 223 249 5 0 1 0 0 0 0 0 0 
0 0 0 0 0 0 0 0 0 0 0 0 0 0 1 2 21 246 230 9 3 1 0 0 0 0 0 0 
0 0 0 0 0 0 0 0 0 0 0 0 0 0 1 0 18 248 223 2 0 1 0 0 0 0 0 0 
0 0 0 0 0 0 0 0 0 0 0 0 0 0 1 0 18 247 224 2 0 1 0 0 0 0 0 0 
0 0 0 0 0 0 0 0 0 0 0 0 0 0 1 0 20 250 223 2 0 1 0 0 0 0 0 0 
0 0 0 0 0 0 0 0 0 0 0 0 0 0 2 0 28 255 214 0 0 0 0 0 0 0 0 0 
0 0 0 0 0 0 0 0 0 0 0 0 0 0 2 0 48 252 192 0 2 0 0 0 0 0 0 0 
0 0 0 0 0 0 0 0 0 0 0 0 0 0 3 0 66 255 176 0 3 0 0 0 0 0 0 0 
0 0 0 0 0 0 0 0 0 0 0 0 0 0 1 0 20 183 91 0 3 0 0 0 0 0 0 0 
0 0 0 0 0 0 0 0 0 0 0 0 0 0 0 0 0 0 0 0 0 0 0 0 0 0 0 0 
0 0 0 0 0 0 0 0 0 0 0 0 0 0 0 0 1 2 2 0 0 0 0 0 0 0 0 0 
0 0 0 0 0 0 0 0 0 0 0 0 0 0 0 0 0 0 0 0 0 0 0 0 0 0 0 0 
0 0 0 0 0 0 0 0 0 0 0 0 0 0 0 0 0 0 0 0 0 0 0 0 0 0 0 0 
7
0 0 0 0 0 0 0 0 0 0 0 0 0 0 0 0 0 0 0 0 0 0 0 0 0 0 0 0 
0 0 0 0 0 0 0 0 0 0 0 0 0 0 0 1 3 4 4 1 0 0 0 0 0 0 0 0 
0 0 0 0 0 0 0 0 0 2 0 3 3 3 1 0 0 0 0 0 0 0 0 0 0 0 0 0 
0 0 0 0 0 0 0 0 0 0 0 0 0 0 0 13 56 96 96 14 0 1 0 0 0 0 0 0 
0 0 0 0 0 0 0 3 0 111 211 173 166 176 205 235 255 255 255 149 0 4 0 0 0 0 0 0 
0 0 0 0 0 0 0 3 0 130 255 255 255 255 255 248 195 160 251 193 0 2 0 0 0 0 0 0 
0 0 0 0 0 0 0 0 0 0 33 61 62 61 39 24 0 49 255 174 0 3 0 0 0 0 0 0 
0 0 0 0 0 0 0 0 0 1 0 0 0 0 0 0 2 103 255 139 0 4 0 0 0 0 0 0 
0 0 0 0 0 0 0 0 0 0 2 3 3 3 2 5 0 164 255 88 0 4 0 0 0 0 0 0 
0 0 0 0 0 0 0 0 0 0 0 0 0 0 1 0 5 226 253 30 0 2 0 0 0 0 0 0 
0 0 0 0 0 0 0 0 0 0 0 0 0 0 2 0 46 255 211 5 1 0 0 0 0 0 0 0 
0 0 0 0 0 0 0 0 0 0 0 0 0 1 8 3 96 255 133 0 1 0 0 0 0 0 0 0 
0 0 0 0 0 0 0 0 0 0 0 0 0 0 0 0 165 253 174 119 16 0 1 0 0 0 0 0 
0 0 0 0 0 0 0 0 0 0 0 1 0 35 142 175 245 255 255 255 65 0 3 0 0 0 0 0 
0 0 0 0 0 0 0 0 0 0 0 4 0 120 255 255 255 226 139 80 5 1 0 0 0 0 0 0 
0 0 0 0 0 0 0 0 0 0 0 1 0 16 79 178 254 101 0 0 0 0 0 0 0 0 0 0 
0 0 0 0 0 0 0 0 0 0 0 0 1 0 0 213 255 43 4 6 0 0 0 0 0 0 0 0 
0 0 0 0 0 0 0 0 0 0 0 0 3 1 53 255 208 2 1 0 0 0 0 0 0 0 0 0 
0 0 0 0 0 0 0 0 0 0 0 0 4 0 120 254 128 0 4 0 0 0 0 0 0 0 0 0 
0 0 0 0 0 0 0 0 0 0 0 0 2 1 198 255 60 0 3 0 0 0 0 0 0 0 0 0 
0 0 0 0 0 0 0 0 0 0 0 2 0 36 255 222 6 1 0 0 0 0 0 0 0 0 0 0 
0 0 0 0 0 0 0 0 0 0 0 4 0 113 251 148 0 4 0 0 0 0 0 0 0 0 0 0 
0 0 0 0 0 0 0 0 0 0 0 3 0 189 255 68 0 3 0 0 0 0 0 0 0 0 0 0 
0 0 0 0 0 0 0 0 0 0 0 2 0 60 113 3 0 0 0 0 0 0 0 0 0 0 0 0 
0 0 0 0 0 0 0 0 0 0 0 0 0 0 0 0 0 0 0 0 0 0 0 0 0 0 0 0 
0 0 0 0 0 0 0 0 0 0 0 0 0 2 4 0 0 0 0 0 0 0 0 0 0 0 0 0 
0 0 0 0 0 0 0 0 0 0 0 0 0 0 0 0 0 0 0 0 0 0 0 0 0 0 0 0 
0 0 0 0 0 0 0 0 0 0 0 0 0 0 0 0 0 0 0 0 0 0 0 0 0 0 0 0 
7
0 0 0 0 0 0 0 0 0 0 2 4 3 0 0 0 0 2 0 0 0 0 0 0 0 0 0 0 
0 0 0 0 0 0 0 0 1 3 0 0 0 4 35 56 21 0 2 0 0 0 0 0 0 0 0 0 
0 0 0 0 0 0 0 1 0 0 24 96 166 224 255 255 233 80 0 3 0 0 0 0 0 0 0 0 
0 0 0 0 0 0 1 0 17 153 240 255 255 249 203 185 255 231 19 1 1 0 0 0 0 0 0 0 
0 0 0 0 0 1 1 19 207 255 246 154 75 23 0 0 196 255 57 0 3 0 0 0 0 0 0 0 
0 0 0 0 0 4 0 89 255 195 34 0 0 0 2 1 201 254 39 0 2 0 0 0 0 0 0 0 
0 0 0 0 0 4 0 99 252 120 0 7 3 3 0 30 253 221 3 1 0 0 0 0 0 0 0 0 
0 0 0 0 0 3 0 80 255 169 0 6 1 4 0 86 255 159 0 3 0 0 0 0 0 0 0 0 
0 0 0 0 0 1 0 21 245 240 27 0 0 6 2 153 255 96 1 4 0 0 0 0 0 0 0 0 
0 0 0 0 0 0 3 0 141 255 197 66 7 0 0 224 250 28 0 5 1 0 0 0 0 0 0 0 
0 0 0 0 0 0 1 2 13 200 255 255 225 181 165 255 220 51 9 0 0 1 0 0 0 0 0 0 
0 0 0 0 0 0 0 1 0 12 96 189 248 255 255 255 255 255 225 114 2 0 1 0 0 0 0 0 
0 0 0 0 0 0 0 0 1 0 0 0 20 77 249 240 159 200 255 255 181 7 2 1 0 0 0 0 
0 0 0 0 0 0 0 0 0 1 4 6 0 98 255 143 0 0 53 204 255 138 0 3 0 0 0 0 
0 0 0 0 0 0 0 0 0 0 0 2 2 200 254 52 4 6 0 30 231 249 31 0 2 0 0 0 
0 0 0 0 0 0 0 0 0 0 1 0 5 231 248 19 2 3 7 0 189 255 59 0 3 0 0 0 
0 0 0 0 0 0 0 0 0 0 0 1 0 201 255 37 0 0 0 64 249 232 18 0 1 0 0 0 
0 0 0 0 0 0 0 0 0 0 0 4 0 148 254 123 29 39 73 222 255 106 0 3 0 0 0 0 
0 0 0 0 0 0 0 0 0 0 0 3 0 53 255 255 255 255 255 255 168 1 3 0 0 0 0 0 
0 0 0 0 0 0 0 0 0 0 0 0 2 0 96 197 207 200 183 107 0 1 1 0 0 0 0 0 
0 0 0 0 0 0 0 0 0 0 0 0 0 1 0 0 0 0 0 0 0 0 0 0 0 0 0 0 
0 0 0 0 0 0 0 0 0 0 0 0 0 0 3 1 0 1 2 4 0 0 0 0 0 0 0 0 
0 0 0 0 0 0 0 0 0 0 0 0 0 0 0 0 0 0 0 0 0 0 0 0 0 0 0 0 
0 0 0 0 0 0 0 0 0 0 0 0 0 0 0 0 0 0 0 0 0 0 0 0 0 0 0 0 
0 0 0 0 0 0 0 0 0 0 0 0 0 0 0 0 0 0 0 0 0 0 0 0 0 0 0 0 
0 0 0 0 0 0 0 0 0 0 0 0 0 0 0 0 0 0 0 0 0 0 0 0 0 0 0 0 
0 0 0 0 0 0 0 0 0 0 0 0 0 0 0 0 0 0 0 0 0 0 0 0 0 0 0 0 
0 0 0 0 0 0 0 0 0 0 0 0 0 0 0 0 0 0 0 0 0 0 0 0 0 0 0 0 
8
0 0 0 0 0 0 0 0 0 0 0 0 0 0 0 0 0 0 0 0 0 0 0 0 0 0 0 0 
0 0 0 0 0 0 0 0 0 0 0 0 0 0 0 0 0 0 0 0 0 0 0 0 0 0 0 0 
0 0 0 0 1 3 4 4 4 3 2 0 0 0 0 0 0 0 0 0 0 0 0 0 0 0 0 0 
0 0 0 1 0 0 0 0 0 0 0 3 1 0 0 0 0 0 0 0 0 0 0 0 0 0 0 0 
0 0 1 0 0 72 121 127 119 72 25 0 0 1 0 0 0 0 0 0 0 0 0 0 0 0 0 0 
0 1 1 14 182 255 255 255 255 255 243 146 16 0 1 0 0 0 0 0 0 0 0 0 0 0 0 0 
0 4 0 139 255 214 123 98 121 177 247 255 201 14 2 1 0 0 0 0 0 0 0 0 0 0 0 0 
1 1 0 214 252 42 0 0 0 0 39 195 255 116 0 4 0 0 0 0 0 0 0 0 0 0 0 0 
1 0 0 215 254 19 2 3 0 0 0 64 254 185 0 2 0 0 0 0 0 0 0 0 0 0 0 0 
0 1 0 210 252 46 5 8 32 94 100 20 249 228 5 0 1 0 0 0 0 0 0 0 0 0 0 0 
0 3 0 181 255 242 229 230 255 255 255 34 231 238 10 0 1 0 0 0 0 0 0 0 0 0 0 0 
0 2 1 33 184 233 243 243 224 170 74 8 239 236 9 0 1 0 0 0 0 0 0 0 0 0 0 0 
0 0 0 0 0 10 14 14 6 0 0 25 252 222 3 0 1 0 0 0 0 0 0 0 0 0 0 0 
0 0 0 1 2 0 0 0 0 6 3 71 255 180 0 2 0 0 0 0 0 0 0 0 0 0 0 0 
0 0 0 0 0 1 1 1 1 4 1 125 254 118 0 4 0 0 0 0 0 0 0 0 0 0 0 0 
0 0 0 0 0 0 0 0 0 2 0 183 255 67 0 3 0 0 0 0 0 0 0 0 0 0 0 0 
0 0 0 0 0 0 0 0 3 1 19 243 242 18 0 1 0 0 0 0 0 0 0 0 0 0 0 0 
0 0 0 0 1 3 4 4 0 0 159 255 170 0 3 0 0 0 0 0 0 0 0 0 0 0 0 0 
0 0 0 1 0 0 0 0 18 137 255 234 35 1 2 0 0 0 0 0 0 0 0 0 0 0 0 0 
0 0 0 0 6 55 114 161 231 255 248 64 0 2 0 0 0 0 0 0 0 0 0 0 0 0 0 0 
0 2 0 33 228 255 255 255 254 172 52 0 3 0 0 0 0 0 0 0 0 0 0 0 0 0 0 0 
0 2 0 31 216 206 136 85 37 0 0 2 0 0 0 0 0 0 0 0 0 0 0 0 0 0 0 0 
0 0 0 0 0 0 0 0 0 2 2 0 0 0 0 0 0 0 0 0 0 0 0 0 0 0 0 0 
0 0 0 1 0 0 4 4 2 0 0 0 0 0 0 0 0 0 0 0 0 0 0 0 0 0 0 0 
0 0 0 0 1 0 0 0 0 0 0 0 0 0 0 0 0 0 0 0 0 0 0 0 0 0 0 0 
0 0 0 0 0 0 0 0 0 0 0 0 0 0 0 0 0 0 0 0 0 0 0 0 0 0 0 0 
0 0 0 0 0 0 0 0 0 0 0 0 0 0 0 0 0 0 0 0 0 0 0 0 0 0 0 0 
0 0 0 0 0 0 0 0 0 0 0 0 0 0 0 0 0 0 0 0 0 0 0 0 0 0 0 0 
9
0 0 0 0 0 0 0 0 0 0 0 1 0 0 0 0 0 0 0 0 0 0 0 0 0 0 0 0 
0 0 0 0 0 0 0 0 1 4 0 0 1 0 0 0 0 0 0 0 0 0 0 0 0 0 0 0 
0 0 0 0 0 0 1 4 0 0 0 0 0 0 0 0 0 0 0 0 0 0 0 0 0 0 0 0 
0 0 0 0 0 1 0 0 17 100 201 215 20 0 1 0 0 0 0 0 0 0 0 0 0 0 0 0 
0 0 0 0 1 0 10 123 228 255 255 211 20 1 1 0 0 0 0 0 0 0 0 0 0 0 0 0 
0 0 0 1 1 16 198 255 255 160 62 1 0 1 0 0 0 0 0 0 0 0 0 0 0 0 0 0 
0 0 1 3 1 178 255 200 48 0 0 0 0 0 0 0 0 0 0 0 0 0 0 0 0 0 0 0 
0 0 3 0 119 255 212 19 0 4 3 1 0 0 0 0 0 0 0 0 0 0 0 0 0 0 0 0 
0 1 0 19 239 247 48 0 5 0 0 0 0 0 0 0 0 0 0 0 0 0 0 0 0 0 0 0 
0 3 0 67 255 180 0 4 0 0 0 0 0 0 0 0 0 0 0 0 0 0 0 0 0 0 0 0 
0 4 0 99 254 129 1 4 1 2 4 4 4 1 0 0 0 0 0 0 0 0 0 0 0 0 0 0 
0 4 0 95 255 133 2 8 0 0 0 0 0 0 1 0 0 0 0 0 0 0 0 0 0 0 0 0 
0 3 0 59 255 177 0 0 0 47 107 131 95 10 0 1 0 0 0 0 0 0 0 0 0 0 0 0 
0 1 0 21 247 230 33 108 205 255 255 255 255 202 18 1 1 0 0 0 0 0 0 0 0 0 0 0 
0 0 2 0 192 255 244 255 255 212 137 102 197 255 104 0 4 0 0 0 0 0 0 0 0 0 0 0 
0 0 4 0 125 255 245 167 69 2 0 0 105 253 117 0 4 0 0 0 0 0 0 0 0 0 0 0 
0 0 2 0 39 253 230 1 0 3 11 6 121 254 104 0 4 0 0 0 0 0 0 0 0 0 0 0 
0 0 0 3 0 168 255 136 0 0 0 0 183 255 66 0 3 0 0 0 0 0 0 0 0 0 0 0 
0 0 0 2 1 36 243 251 95 32 63 162 255 231 12 1 1 0 0 0 0 0 0 0 0 0 0 0 
0 0 0 0 3 0 99 255 255 255 255 255 225 62 0 2 0 0 0 0 0 0 0 0 0 0 0 0 
0 0 0 0 0 3 0 82 184 202 190 119 19 0 1 0 0 0 0 0 0 0 0 0 0 0 0 0 
0 0 0 0 0 0 2 0 0 0 0 0 0 2 0 0 0 0 0 0 0 0 0 0 0 0 0 0 
0 0 0 0 0 0 0 3 2 1 2 4 1 0 0 0 0 0 0 0 0 0 0 0 0 0 0 0 
0 0 0 0 0 0 0 0 0 0 0 0 0 0 0 0 0 0 0 0 0 0 0 0 0 0 0 0 
0 0 0 0 0 0 0 0 0 0 0 0 0 0 0 0 0 0 0 0 0 0 0 0 0 0 0 0 
0 0 0 0 0 0 0 0 0 0 0 0 0 0 0 0 0 0 0 0 0 0 0 0 0 0 0 0 
0 0 0 0 0 0 0 0 0 0 0 0 0 0 0 0 0 0 0 0 0 0 0 0 0 0 0 0 
0 0 0 0 0 0 0 0 0 0 0 0 0 0 0 0 0 0 0 0 0 0 0 0 0 0 0 0 
6
0 0 0 0 0 0 0 0 0 0 0 0 0 0 0 0 0 0 0 0 0 0 0 0 0 0 0 0 
0 0 0 0 0 0 0 0 0 0 0 0 0 0 0 0 0 0 0 0 0 0 0 0 0 0 0 0 
0 0 0 0 0 0 0 0 0 0 0 0 0 0 0 0 0 0 0 0 0 0 0 0 0 0 0 0 
0 0 0 0 0 0 2 4 1 1 3 4 1 0 0 0 0 0 0 0 0 0 0 0 0 0 0 0 
0 0 0 0 0 1 0 0 0 0 0 0 0 0 0 0 0 0 0 0 0 0 0 0 0 0 0 0 
0 0 0 0 2 0 52 155 201 202 176 103 17 0 1 0 0 0 0 0 0 0 0 0 0 0 0 0 
0 0 0 3 0 54 248 255 255 255 255 255 203 4 1 1 0 0 0 0 0 0 0 0 0 0 0 0 
0 0 1 2 8 211 255 128 39 32 67 206 255 61 0 3 0 0 0 0 0 0 0 0 0 0 0 0 
0 0 4 0 88 255 176 0 0 0 0 129 253 96 0 4 0 0 0 0 0 0 0 0 0 0 0 0 
0 0 4 0 159 252 67 1 6 8 0 164 255 75 0 3 0 0 0 0 0 0 0 0 0 0 0 0 
0 0 3 0 184 255 59 1 7 0 57 246 244 29 0 1 0 0 0 0 0 0 0 0 0 0 0 0 
0 0 3 0 132 238 39 0 0 78 230 255 114 0 3 0 0 0 0 0 0 0 0 0 0 0 0 0 
0 0 0 0 2 21 0 17 166 255 255 255 223 119 0 2 0 0 0 0 0 0 0 0 0 0 0 0 
0 0 0 0 0 0 1 52 255 251 223 222 252 255 75 0 3 0 0 0 0 0 0 0 0 0 0 0 
0 0 0 0 0 1 0 0 55 41 11 5 124 251 111 0 4 0 0 0 0 0 0 0 0 0 0 0 
0 0 0 0 0 0 3 3 0 0 0 0 186 255 78 0 4 0 0 0 0 0 0 0 0 0 0 0 
0 0 0 0 0 0 0 0 0 0 26 162 255 203 7 2 1 0 0 0 0 0 0 0 0 0 0 0 
0 0 0 0 0 2 61 79 126 185 242 255 219 35 0 2 0 0 0 0 0 0 0 0 0 0 0 0 
0 0 0 3 0 65 255 255 255 255 236 149 23 0 2 0 0 0 0 0 0 0 0 0 0 0 0 0 
0 0 0 1 0 19 144 153 107 52 15 0 0 2 0 0 0 0 0 0 0 0 0 0 0 0 0 0 
0 0 0 0 0 0 0 0 0 0 0 3 1 0 0 0 0 0 0 0 0 0 0 0 0 0 0 0 
0 0 0 0 0 1 4 4 4 3 1 0 0 0 0 0 0 0 0 0 0 0 0 0 0 0 0 0 
0 0 0 0 0 0 0 0 0 0 0 0 0 0 0 0 0 0 0 0 0 0 0 0 0 0 0 0 
0 0 0 0 0 0 0 0 0 0 0 0 0 0 0 0 0 0 0 0 0 0 0 0 0 0 0 0 
0 0 0 0 0 0 0 0 0 0 0 0 0 0 0 0 0 0 0 0 0 0 0 0 0 0 0 0 
0 0 0 0 0 0 0 0 0 0 0 0 0 0 0 0 0 0 0 0 0 0 0 0 0 0 0 0 
0 0 0 0 0 0 0 0 0 0 0 0 0 0 0 0 0 0 0 0 0 0 0 0 0 0 0 0 
0 0 0 0 0 0 0 0 0 0 0 0 0 0 0 0 0 0 0 0 0 0 0 0 0 0 0 0 
3
0 0 0 0 0 0 0 0 0 0 0 0 0 0 0 0 0 0 0 0 0 0 0 0 0 0 0 0 
0 0 0 0 0 0 0 0 0 0 0 0 0 0 0 0 0 0 0 0 0 0 0 0 0 0 0 0 
0 0 0 0 0 0 0 0 0 0 0 0 0 0 0 0 0 0 0 0 0 0 0 0 0 0 0 0 
0 0 0 0 1 2 2 2 1 0 0 0 0 0 0 0 0 0 0 0 0 0 0 0 0 0 0 0 
0 0 1 2 0 0 0 0 0 1 4 2 0 0 0 0 0 0 0 0 0 0 0 0 0 0 0 0 
0 0 0 0 21 27 27 27 19 0 0 0 3 0 0 0 0 0 0 0 0 0 0 0 0 0 0 0 
2 1 21 175 245 255 255 255 245 196 128 28 0 1 0 0 0 0 0 0 0 0 0 0 0 0 0 0 
3 1 169 255 237 211 212 211 230 255 255 239 119 0 2 0 0 0 0 0 0 0 0 0 0 0 0 0 
0 21 255 245 29 0 0 0 10 48 145 253 255 114 0 3 0 0 0 0 0 0 0 0 0 0 0 0 
1 6 186 149 0 2 0 1 1 0 0 54 252 215 0 0 0 0 0 0 0 0 0 0 0 0 0 0 
0 0 0 0 2 0 3 0 0 0 24 136 255 212 2 1 0 0 0 0 0 0 0 0 0 0 0 0 
0 0 1 1 0 1 0 8 74 138 226 255 230 55 0 5 0 0 0 0 0 0 0 0 0 0 0 0 
0 0 0 0 2 1 69 211 255 255 255 255 215 111 39 0 2 0 0 0 0 0 0 0 0 0 0 0 
0 0 0 0 4 0 173 255 231 225 229 233 255 255 240 65 0 2 0 0 0 0 0 0 0 0 0 0 
0 0 0 0 1 0 24 71 17 10 11 16 60 153 255 235 24 1 1 0 0 0 0 0 0 0 0 0 
0 0 0 0 0 0 0 0 0 0 0 0 0 0 168 255 84 0 4 0 0 0 0 0 0 0 0 0 
0 0 0 0 0 0 1 4 4 5 2 0 0 94 223 255 64 0 3 0 0 0 0 0 0 0 0 0 
0 0 0 0 0 0 3 0 0 0 0 45 166 255 255 158 5 2 0 0 0 0 0 0 0 0 0 0 
0 0 0 0 0 0 0 0 67 140 199 255 255 219 76 0 0 0 0 0 0 0 0 0 0 0 0 0 
0 0 0 0 2 1 84 202 255 255 255 217 121 17 0 2 0 0 0 0 0 0 0 0 0 0 0 0 
0 0 0 1 1 8 245 255 200 104 43 5 0 0 3 0 0 0 0 0 0 0 0 0 0 0 0 0 
0 0 0 0 1 0 65 76 0 0 0 0 4 1 0 0 0 0 0 0 0 0 0 0 0 0 0 0 
0 0 0 0 0 0 0 0 0 4 2 1 0 0 0 0 0 0 0 0 0 0 0 0 0 0 0 0 
0 0 0 0 0 0 3 3 1 0 0 0 0 0 0 0 0 0 0 0 0 0 0 0 0 0 0 0 
0 0 0 0 0 0 0 0 0 0 0 0 0 0 0 0 0 0 0 0 0 0 0 0 0 0 0 0 
0 0 0 0 0 0 0 0 0 0 0 0 0 0 0 0 0 0 0 0 0 0 0 0 0 0 0 0 
0 0 0 0 0 0 0 0 0 0 0 0 0 0 0 0 0 0 0 0 0 0 0 0 0 0 0 0 
0 0 0 0 0 0 0 0 0 0 0 0 0 0 0 0 0 0 0 0 0 0 0 0 0 0 0 0 
3
0 0 0 0 0 0 0 0 0 0 0 0 0 0 0 0 0 0 0 0 0 0 0 0 0 0 0 0 
0 0 0 0 0 0 0 0 0 0 0 0 0 0 0 0 1 2 0 0 0 0 0 0 0 0 0 0 
0 0 0 0 0 0 0 0 0 0 0 2 3 4 4 3 0 0 0 0 0 0 0 0 0 0 0 0 
0 0 0 0 0 0 0 0 0 3 0 0 0 0 0 0 16 33 0 0 0 0 0 0 0 0 0 0 
0 0 0 0 0 0 0 0 0 0 0 26 71 128 159 181 234 255 120 0 4 0 0 0 0 0 0 0 
0 0 0 0 0 0 1 4 3 107 205 247 255 255 255 255 245 202 75 0 3 0 0 0 0 0 0 0 
0 0 0 0 0 0 4 0 146 255 255 238 172 109 71 54 23 0 0 0 0 0 0 0 0 0 0 0 
0 0 0 0 0 2 0 85 245 255 236 52 0 0 0 0 0 1 2 0 0 0 0 0 0 0 0 0 
0 0 0 0 2 0 47 255 255 163 33 0 4 4 3 3 1 0 0 0 0 0 0 0 0 0 0 0 
0 0 0 0 4 0 147 255 135 0 0 2 0 0 0 0 0 0 0 0 0 0 0 0 0 0 0 0 
0 0 0 0 2 0 185 254 47 2 4 0 0 0 0 0 0 0 0 0 0 0 0 0 0 0 0 0 
0 0 0 0 2 0 189 255 44 0 2 3 4 4 4 3 0 0 0 0 0 0 0 0 0 0 0 0 
0 0 0 0 2 0 185 255 52 1 5 0 0 0 0 0 1 0 0 0 0 0 0 0 0 0 0 0 
0 0 0 0 4 0 137 254 108 0 0 58 135 137 124 66 0 1 0 0 0 0 0 0 0 0 0 0 
0 0 0 0 3 0 57 255 221 9 115 254 255 255 255 255 143 0 2 0 0 0 0 0 0 0 0 0 
0 0 0 0 0 3 0 173 255 183 251 253 126 91 116 234 255 48 0 2 0 0 0 0 0 0 0 0 
0 0 0 0 0 2 2 30 226 255 247 102 0 0 0 142 252 101 0 4 0 0 0 0 0 0 0 0 
0 0 0 0 0 0 2 0 46 237 255 203 151 106 119 225 255 61 0 3 0 0 0 0 0 0 0 0 
0 0 0 0 0 0 0 3 0 47 186 255 255 255 255 255 138 0 2 0 0 0 0 0 0 0 0 0 
0 0 0 0 0 0 0 0 2 0 0 43 91 124 118 63 0 1 0 0 0 0 0 0 0 0 0 0 
0 0 0 0 0 0 0 0 0 2 1 0 0 0 0 0 2 0 0 0 0 0 0 0 0 0 0 0 
0 0 0 0 0 0 0 0 0 0 0 2 4 4 4 3 0 0 0 0 0 0 0 0 0 0 0 0 
0 0 0 0 0 0 0 0 0 0 0 0 0 0 0 0 0 0 0 0 0 0 0 0 0 0 0 0 
0 0 0 0 0 0 0 0 0 0 0 0 0 0 0 0 0 0 0 0 0 0 0 0 0 0 0 0 
0 0 0 0 0 0 0 0 0 0 0 0 0 0 0 0 0 0 0 0 0 0 0 0 0 0 0 0 
0 0 0 0 0 0 0 0 0 0 0 0 0 0 0 0 0 0 0 0 0 0 0 0 0 0 0 0 
0 0 0 0 0 0 0 0 0 0 0 0 0 0 0 0 0 0 0 0 0 0 0 0 0 0 0 0 
0 0 0 0 0 0 0 0 0 0 0 0 0 0 0 0 0 0 0 0 0 0 0 0 0 0 0 0 
6
